29.117737883373817
54.14376077673347
63.02026142986672
11.55288551220195
64.50050258577178
73.21325677321718
71.59961481342366
97.52943091756305
35.75754123171491
12.815389575511594
36.080517198264694
25.166352139530712
78.6738986677526
34.779808411816525
97.43170660296109
93.79744860537375
42.450054325147676
91.17238898103854
75.1970910715616
3.0418889389224546
70.19993957977574
20.233732157873995
62.334392891081315
66.54594848688826
39.42370191236457
75.06845418469578
0.9285218820114793
56.87794698333698
25.76396920808891
2.812937485017941
82.99660582416514
19.665374587719732
97.20194971674252
46.01311355575039
41.01172917072405
88.12960516635762
67.82242419054603
95.07272401104782
41.30763722817841
75.36500320183771
40.37430363718766
80.8864928302166
70.18678057559869
21.025623188479592
45.0760924528952
60.15143375183541
7.339246714495218
21.524115057777347
38.463254319672934
12.353530278599578
40.90938386709858
94.38175151376025
58.79492682558348
14.485631829414935
42.40326195140569
8.09778646922863
65.36478018525747
36.36247444577173
34.09956151210368
48.65666590238199
52.32326731916949
3.0650519078671223
78.94571811518308
25.31119099194996
93.41911108497597
17.775701436626345
14.992093045727605
74.54896218444127
25.751962888708036
88.70138080942966
25.403109962900018
83.50375737829526
34.86135698209104
34.90030960851627
60.17936604583159
23.147518563526724
5.108510933772214
97.51448895071589
64.61087984226445
19.9403009139547
60.537108732207045
77.51715765126197
69.96989101761095
95.88507983675146
4.7000189444593605
17.66618577143959
93.06490966426945
23.828866449303753
91.86467054716965
8.5614963198249
73.01601135852378
77.37106841985937
26.560555815182973
26.536610061766076
45.974636591093876
2.8846164790269357
93.60820946199466
4.57145211129143
21.499457033432012
4.924844097300351
